27878
35410
2948
56254
36973
55523
45848
62683
65043
34839
92786
29276
75788
47399
99735
91303
10424
51906
93536
30188
39453
99516
84499
32011
76825
39356
80116
17064
77965
81084
95495
95194
5574
62647
94587
63470
53985
67352
70939
18843
35528
16882
31735
11161
59828
16423
55861
95981
74939
27271
6364
21979
38000
59548
15990
52185
84025
56198
91961
57085
10682
98113
66202
82533
65090
41122
46711
92347
38271
94311
71465
64500
92908
8080
60141
99825
45351
12493
34345
22489
31918
47679
31356
16328
84211
64374
62344
33432
67210
49503
61328
6426
47166
48207
42768
12461
90622
24303
25074
42904