83.99 -63.02 -95.75 
45.93 
56.01 -67.05 68.33 
37.02 16.68 -54.94 -95.43 
54.11 52.45 
-87.81 
-74.68 25.07 72.81 
21.07 16.29 
43.92 -97.30 
52.18 -29.83 -27.57 
-32.31 68.80 -13.23 -6.17 
-51.52 84.66 
13.39 98.13 -40.42 12.55 
12.72 -92.80 
-47.40 83.52 -20.43 68.63 
9.08 -22.76 -28.28 -16.12 
-89.51 -43.97 
15.74 61.05 -59.03 
43.78 75.30 -83.97 
-12.67 20.47 
75.28 7.84 35.02 
96.94 -75.46 
-58.53 -91.16 45.40 
-39.21 82.84 
64.54 90.42 51.69 11.20 
-40.35 13.49 
98.15 50.99 89.62 26.74 
10.89 17.39 87.06 
-78.19 -41.16 
97.02 41.97 
-52.54 20.04 
68.67 -6.20 54.56 
-87.84 -49.27 -51.56 25.93 
-89.83 -57.54 77.27 
-66.17 88.26 71.10 
45.08 97.90 24.92 75.30 
56.21 
-93.48 
27.45 40.87 
20.56 87.19 -63.90 
