66481
41830
28955
30845
70747
7651
92341
5651
38145
39672
74361
97870
99126
62024
21414
87009
40647
39547
59457
4046
75748
97911
59880
77758
10992
15800
93523
11752
79759
63537
20343
87004
29449
44471
38155
2282
91302
28235
35006
16297
7973
55750
68966
52136
11532
99081
98680
44658
53414
32127
11911
95024
36606
34411
90121
3364
6921
62207
87276
51210
60837
88310
50422
8408
77385
27685
11581
38382
21182
30082
72560
5095
69035
85652
61043
10893
65508
23296
52658
82096
34436
20981
90691
94131
92586
50837
49732
58631
23347
75660
96299
4178
95968
25185
44140
81912
45886
48841
75463
69197
37808
22131
80590
8875
93651
94246
85463
65711
31308
38624
61702
66621
53048
92859
95623
8881
74396
58167
70812
42142
98530
3370
63952
71811
93542
42112
82107
25374
90173
80468
28265
84707
79182
4968
32629
80312
43502
53357
65783
60991
68990
60469
52864
77921
60164
88747
30901
39083
17199
60566
40290
92153
55496
81357
94140
37941
68467
11739
5498
82085
45873
69202
59518
68350
34431
74741
898
87557
54305
11499
76942
77720
14032
74399
21535
74834
27427
5809
22435
94256
28870
30734
60595
75474
29090
17137
79610
66632
11283
16082
99695
94510
1829
56865
24438
48750
41729
96738
55790
20778
80913
10205
27292
36603
50873
27087
9502
4308
1602
92378
21826
76638
54497
93017
49512
18903
98238
54751
70087
22434
67197
67766
41669
54787
98069
29250
75296
96519
45466
19720
45028
15689
12141
5884
7240
48484
8534
68314
98432
81163
74260
30353
28596
40843
93461
90521
58885
37328
7490
48215
13592
10467
22737
64406
80081
28226
7431
32850
40140
89038
41122
79325
72622
18372
63946
22094
88352
79252
100
9741
78213
92513
51213
3086
20492
24258
91012
61352
51643
5930
89406
2593
92907
88235
30709
42904
29353
31890
20092
68557
57052
88984
38931
88347
41765
58658
47359
53434
76225
76423
13907
69066
15668
15172
19896
66775
91359
54333
80799
83457
71103
5410
77807
62619
32294
93547
75897
14489
84085
49426
25672
26379
39712
52391
42524
23060
15515
4918
78450
51725
85132
67617
93490
96594
31830
40983
31130
22035
18991
27134
73222
35712
16381
14593
44662
3347
41645
65222
54169
8710
93140
10285
41070
96484
32789
30812
68368
1889
85389
16756
12997
59490
86820
98495
19101
67459
58963
716
56026
55408
8547
19371
39032
57770
99915
2730
38719
47675
38853
89499
41986
80038
34778
47403
14851
16358
43599
30921
69923
84881
74767
56503
17249
15064
31983
26723
73642
93859
41043
39733
43995
17646
85796
29272
82254
22778
94587
35848
8270
5940
33996
46725
71343
57989
35354
72239
84647
62415
11361
90131
55975
35956
66245
3628
18919
29482
48068
96845
54437
25717
81061
87852
59869
18306
27254
53557
71356
4514
81881
46853
88246
21309
49235
98913
4971
68228
79212
11307
1675
38658
47057
63078
98377
6184
4852
8484
9832
33580
35962
72266
68761
63493
64209
43644
20230
86462
95298
82223
53378
78152
98833
10183
98981
42537
23058
38157
27098
72204
55581
64338
64798
54556
46820
11838
96076
6060
11449
38426
144
91302
76851
78574
23249
39138
22920
54425
12281
22900
64141
28242
13481
14683
99279
44613
28262
7710
65229
33029
59260
89832
72203
46486
1746
35123
93356
67305
25654
59575
93916
49519
64984
17693
98160
51619
14798
90068
2837
46170
17844
42995
45236
64359
15168
62990
40473
74463
33338
89576
94311
10204
90125
8461
96063
20529
80995
40197
73816
42440
70467
52744
31420
19304
31353
14838
11804
70537
35327
61900
34813
73630
36105
61586
12756
31803
6233
12303
71274
93403
73138
18671
50462
24195
15701
59002
58469
94296
73907
87072
71650
40248
20979
67605
79151
45901
56340
82293
96595
69834
37369
98701
13529
96617
29645
13926
42140
53263
40768
91094
33976
87305
99261
65619
83622
67208
13373
50527
38952
11322
7571
54216
96408
12077
15315
78094
5742
51606
84371
30521
30630
31201
17540
97935
80439
61922
85135
58848
23821
45440
17818
96940
16443
22119
72070
46832
55320
18205
42055
33756
2355
5564
36399
74664
8993
50648
2272
70598
26645
56227
74530
58908
8834
28333
55582
25482
51462
14060
34039
69754
5448
87438
56971
15664
33839
19595
99038
31575
87917
4496
29573
76016
69598
76864
40242
79975
45482
25641
36682
50763
27871
17107
39028
82438
51679
22488
86735
15422
49328
92865
73225
40313
57587
57937
84345
59367
84797
87256
40958
5659
25839
3686
80328
87731
79208
24633
90043
51618
15968
42949
84049
75911
90399
65784
60763
89136
49232
15096
88032
10722
12352
36999
78744
27238
2716
70755
96792
34496
64293
85852
14535
95906
1527
7279
86615
16608
14150
54017
23369
45336
60444
22846
62704
93390
63507
72577
86987
73806
14158
43024
71128
61233
11664
92932
27922
56084
41845
92874
4156
22474
15717
74539
71704
54574
95083
22794
99249
55428
61428
3540
82663
21610
6919
90383
52817
73288
29526
31799
66879
22247
21915
3135
9320
70173
13575
36902
10609
5516
83788
75019
54011
43414
2676
75147
69140
55230
33888
28472
17904
70908
21843
96951
49658
58742
96341
3969
87344
79851
82334
69512
19773
70546
78607
33889
60028
66886
99755
53239
92458
20843
97564
58778
28167
42026
89945
13239
2380
68423
99578
48421
83852
7658
34720
37915
15574
42121
7259
1670
18290
61860
83999
31006
5642
39209
7967
63205
58245
44490
53085
8280
64395
42317
21437
15546
3016
1682
59675
8617
84665
58954
95671
76250
92112
86945
99355
58796
22670
38207
3889
65435
82574
38110
14106
75459
1716
27620
10888
44326
50733
67849
82315
78293
7190
3934
92356
53362
9870
27587
94543
91766
95536
29707
24333
49616
67514
39429
51150
28538
68220
13589
92652
76390
44577
34426
92567
64813
67313
75589
85911
40628
39975
84652
54938
28065
22055
64192
73648
21631
70609
74819
13246
99036
66047
97531
16359
84083
69641
67706
31928
81230
21000
43578
21611
940
6350
21286
82463
47990
89596
78133
40318
53161
38860
69138
41548
98243
42544
53684
12709
66187
59267
55515
50695
75829
64975
53748
52605
425
11011
93955
48690
59486
10545
34500
33641
80565
72572
44209
25677
91114
35738
12863
27026
30881
21846
85577
1995
47254
99977
68344
92058
38829
46827
17386
47544
86446
40621
94698
61715
40248
34983
15736
10754
7130
85157
44427
91579
38417
31914
81388
84593
82644