85683
41838
50675
25298
28682
61552
76990
70558
76133
16248
93781
26104
90473
48863
84711
94423
11386
27643
30204
70938
79282
41101
90512
89052
23985
65117
76887
56503
9515
9700
58764
82128
89780
616
93402
18226
37536
38399
54170
65122
94779
28092
67032
39520
84886
50901
81873
54130
71322
55640
49770
29904
88463
74367
60193
26063
21028
8405
37713
39416
92374
44876
67772
86299
37236
36327
91789
92685
14061
95570
97411
59341
47229
18186
59447
7207
96943
50219
92482
70143
27305
56125
37143
88710
55362
21342
19182
47922
96382
81773
18357
15990
30307
29063
68701
93810
42198
43963
78918
23300
6074
39981
11057
88760
36072
76491
95907
83276
77962
51485
71651
54323
37600
27010
47932
96847
15661
49976
94992
2931
58095
79496
56055
47743
11613
19364
43325
79180
16692
2961
61422
51521
40016
633
9489
34146
98595
19938
67093
16840
69768
15385
93425
89485
52245
98726
87305
51700
97680
35663
72329
62844
73144
83358
56036
51579
68644
23487
3078
61790
20091
78527
86163
97537
16772
32929
25991
58081
94569
90989
88838
79973
61633
43657
56403
53135
57158
24201
91649
36466
66722
21939
17432
71100
70529
19898
80943
86701
52334
65841
38061
30637
5605
72423
34654
58737
93857
69141
42990
31791
96925
47896
56422
5675
78654
22898
5594
30292
53048
73608
6575
70643
31755
6546
71772
41399
43305
52846
49866
25077
61888
67231
99375
44089
7645
98997
56742
90450
37378
97268
52562
64822
34072
8808
49726
52419
21124
38727
50638
97280
68752
82982
91345
91672
36307
9394
27544
69513
40138
34176
29470
98056
31457
87474
29314
56853
35704
27572
51048
92839
42305
92958
91295
48267
42029
95208
22899
77993
11318
67261
68655
84608
860
16828
44795
78108
29168
98108
57354
23481
91123
10225
87335
39676
14044
36920
85666
64279
88790
70901
5500
86325
8764
44777
52676
91756
20581
1928
41629
36920
3778
99745
56479
56586
66673
70072
57599
85440
87991
95003
98360
82711
1771
15923
3964
31779
17190
6324
19596
49601
28022
67832
24075
75776
12720
22627
82945
3811
35282
70594
51632
25377
52782
37601
38431
27533
63169
67514
62000
76027
89401
11960
50072
60154
58044
91699
29301
51083
26004
13965
41093
93052
32384
1662
51379
97589
68350
31062
62645
39962
23676
30390
58578
26294
34104
96242
47630
35052
61648
38082
99003
66215
70252
96843
70914
46934
27717
26329
69955
68340
19257
62278
95174
51839
94464
89097
88133
29249
50121
49370
33124
26223
84088
85198
84805
42768
99714
28852
76319
29647
22307
65942
25655
37871
83580
65691
8182
1272
16172
71140
71005
5045
29945
85748
87106
5965
12483
35089
23667
56977
3574
35127
32265
9298
44882
51676
75815
41554
19440
61882
401
97191
64709
59590
77255
5743
2383
57062
18836
21461
71747
91064
58358
14662
240
76037
9768
6197
65856
21668
50906
42394
88230
63200
66310
28481
24558
730
36644
69982
94433
23874
54434
74591
44228
21763
65558
64053
7680
21633
5855
87514
15853
56168
83548
98434
74273
65377
72207
95382
46950
78969
47142
13598
86443
66566
21854
84664
14154
31050
47277
99821
42016
68206
35114
91151
84635
56735
78967
99650
93980
70795
84113
7198
72772
99009
3436
46044
97882
56717
20779
74285
60298
61445
80392
2951
27425
53586
2328
66911
14964
96010
5002
618
68705
8156
53505
9929
62431
28157
34468
91151
5918
90936
90217
10591
99039
15574
65306
72876
96486
61729
56507
95538
13767
78670
87990
50035
31541
64621
90828
32698
93771
25454
34398
44928
95003
69118
94327
70748
25365
69400
35559
21841
7602
21707
13592
63956
63710
30473
46893
67321
48958
36499
96431
85697
96058
80437
17550
34883
82138
26729
96949
94182
69579
99409
88350
24762
86432
15427
93229
47577
79790
71683
44699
29586
68365
86947
33919
65431
33290
22416
58982
1174
95184
62440
88509
70349
25682
33168
89625
53878
9368
53439
65542
22851
77751
25004
10511
90205
15910
16104
17285
46823
39649
33642
87321
70067
40863
28649
45697
45043
66899
91844
52692
55546
35622
49036
77266
91319
3815
48988
22013
71953
96717
54549
43913
72641
60820
44095
55103
90139
10703
98502
8232
41799
22112
86361
46011
69207
15548
79020
14898
47450
24199
26704
76517
13022
14339
76244
51231
41500
58986
45556
36323
99979
24509
22561
6629
28885
64235
45537
79258
7146
3763
73390
4188
21166
48600
95420
36648
38518
76312
21564
57179
45983
15282
5440
24314
77106
10692
2630
58945
45171
83355
90654
27716
94906
41654
38869
66373
60104
98531
17037
31369
59588
85341
58411
32403
3319
59271
43037
42721
65906
10989
54632
20989
1691
69850
40233
97933
90755
43438
7973
38411
21588
68789
85916
40686
19573
98189
38078
63263
28577
45931
13461
16623
55291
48658
38078
78161
78204
75013
86984
49133
2788
6642
56473
76430
85394
67704
15426
62517
97399
25541
65426
74657
92244
56983
79037
4558
48972
67820
43332
89805
11740
76974
18958
644
21707
24611
31032
7667
22398
44235
64471
80113
73581
2316
27789
87174
10844
65267
15810
14958
46245
19140
85563
16651
35319
29769
18182
1748
11561
18482
27978
38781
79297
44867
33430
77894
43880
33266
42560
51554
59852
44778
37393
88023
63441
99371
55680
91159
13023
12411
58302
90003
22785
33887
23122
58834
44858
87601
77429
12262
73149
39910
71652
5993
48903
52405
66783
11358
76696
12336
16439
63114
1835
74280
96228
13746
71553
53929
94460
99266
68283
56944
89595
38371
6675
25807
28419
30087
47138
15731
2826
56358
78156
37263
20361
87284
53469
53729
86257
31248
45214
19082
85911
66306
45028
3209
8436
94882
8718
99693
18693
93247
34023
6976
83239
40114
51237
82517
80147
92568
52256
3024
24036
5694
55810
21659
79607
32038
11654
75215
95997
50270
16643
45982
83568
57592
54487
80284
9882
2712
7141
58633
80352
66022
1094
26952
84762
97329
75244
10880
94063
1646
35756
60507
10498
7962
50891
56184
31810
32021
87522
68779
69388
36477
58727
76815
51531
69776
92823
79805
12
57922
37924
82240
30755
74278
47745
64589
1171
81879
81085
40384
62835
12409
41936
86
54239
4837
26635
7762
35370
59876
92051
32658
33765
68121
88943
2096
54345
96713
27230
72583
42126
42044
14069
23394
61006
96356
6078
16797
55566
44852
96613
74837
47594
96888
5460
70412
41401
90496
46061
74
26542
51376
87167
38778
36976
90656
17834
319
78722
63701
16769
20896
61390
74940
53827
54722
91386
22926
493
5890
3050
51959
79874
32930
59075
16864
82141
68471
44919
16161
22099
72556
73535
97840
45020
69831
53841
6026
46833
95397
50636
59579
3450
44858
91046
3713
61555
31011
19382
21826
47694
34641
33101
5191
99059
39234
77861
23913
53295
48265
69885
35130
72862
63431
23658
8686
13499
34019
87623
47753
22276
52354
4518
72244
14780
65320
33187
9061
81056
41973
39877
74064
8590
7189
4424
81844
78596
90642
5232
29511
27052
62163
30276
34603
24090
80398
33604
10605
16956
82936
1507
3455
38885
88253
6726
17180
39963
8863
73961
46712
25525
87874
92860
47214
1678
12277
10523
45196
7118
83364
78848
37240
72597
85139
17270
1050
23555
72563
86309
3933
87442
77959
60353
50330
54541
85944
46357
94800
12303
58307
85315
28864
35834
74181
22159
45465
6126
5209
74675
71129
6188
92401
75761
28493
72212
96636
41314
73980
50116
33382
37992
72905
73607
39202
40727
98237
21331
58436
17114
8830
34523
95171
53132
96022
49910
97546
2261
83975
58250
28925
59944
7335
4759
52398
89054
35786
83316
772
66669
89933
95145
70173
97745
44001
2692
39960
67500
407
3647
33424
24957
68062
44464
85015
28478
23956
8676
44864
68019
73328
56901
45085
8838
75460
5270
14003
61091
33528
52332
90069
71091
35402
3285
43704
27321
81303
69579
98648
16357
21652
89947
74223
54929
87866
94309
38539
14982
38027
57849
54935
89508
21277
27649
4926
88250
93107
71280
69242
46140
46531
12527
83865
24957
60025
25038
67378
16445
66647
73300
11910
79832
76976
86927
59091
81150
71000
58435
54661
62328
77947
40372
19666
8961
7393
59492
57761
68121
95477
75525
43902
58664
27806
98562
66360
72014
10008
71994
98032
19090
25099
68510
77269
35857
13337
72537
57863
84200
20259
41937
3472
50612
43038
40988
16987
27046
14321
36881
43888
6794
7315
8207
37265
82987
82981
85980
87880
5277
16195
76323
31986
98582
82767
10541
79056
53873
7975
28591
77447
95691
62616
29642
65918
26283
51046
9488
54871
96887
27622
53439
90500
97357
22264
63805
22594
68246
94036
48368
62944
72986
16103
4391
8915
14773
19045
70457
304
90768
76714
16520
97710
79355
82666
90374
44583
63635
40389
13142
65040
84312
92165
19145
92499
21410
32201
19080
92847
49031
75190
18926
40318
75849
97315
31314
99597
82370
59891
5195
95014
78200
9025
92886
50346
29616
34827
80684
26651
193
43395
45315
38029
10149
34645
45724
32070
2934
51146
61681
3024
37006
81620
97975
60867
46661
92456
43217
12167
57376
30534
3864
85947
71842
4767
2300
55329
2323
19635
77385
11811
26547
18961
81511
90117
56502
19366
39840
78474
41800
71497
87797
96978
19004
47295
74902
61796
95450
57385
67065
75899
34131
30026
53231
26686
40381
12556
76851
94852
52126
26200
27338
47416
89747
58890
76919
87671
22114
81867
18323
30635
64192
3922
166
890
33793
42679
36111
69924
25279
96287
95183
94294
81377
49354
82039
63030
18631
49577
64081
92021
8054
79581
33411
22811
16359
44128
89910
3421
27907
78658
15072
96735
32399
38477
84103
2627
88138
11753
92001
56901
74942
54123
10285
75464
82330
31735
50492
47973
63356
67226
51425
69033
82078
73403
71800
80942
6775
51716
6124
15280
52548
83091
81861
18360
9840
90254
15375
68127
48403
31167
42984
12527
35543
92249
32389
34910
26049
51471
69064
13686
54751
5800
21037
48392
89663
53991
1356
23254
13440
36247
76981
57749
38576
31539
10465
2946
13193
72621
96095
21875
92776
58374
58724
74873
66856
34505
90780
38108
4482
37068
35
5659
84949
63035
20416
80141
89790
47798
27801
72929
66280
8475
31974
23420
72657
66147
92678
75056
20599
79013
24645
50866
36604
1513
71847
9816
99952
80908
88465
65157
26301
73597
12156
50591
72404
44099
28726
33027
439
23593
69939
79307
57249
44471
34909
55865
58138
59431
27878
70730
12787
29207
2895
12779
46515
39538
27064
55393
78071
6141
81766
76870
78934
25843
39788
70045
50916
26943
97742
12166
80302
96830
6805
84560
8019
72022
33551
77075
56695
62734
42109
92635
13729
4087
48880
61400
25985
38405
64012
88852
1040
29035
78006
36986
58346
13844
84447
77098
68867
89920
30343
48749
32703
35987
90656
91479
2479
20754
79185
52401
9536
41889
9008
70667
23346
93586
74486
11472
66627
49585
42867
9870
93944
83942
4651
59369
82789
75481
74976
48023
16598
45374
41613
69342
71267
47551
55730
20900
12353
45815
38301
77883
49348
48705
50923
93699
82514
26669
51352
16468
74675
77309
45851
15935
74215
8463
93037
49709
68118
10775
61459
46184
59871
37530
99963
38503
96385
60793
35435
50531
61343
36958
27018
59187
92395
23471
62065
40336
80005
74092
95252
66812
52164
1699
96310
56394
41068
29708
38012
48624
31123
79734
75525
6558
27071
72356
7363
76932
36313
21439
21141
74529
27996
62063
76183
61179
42495
15853
66356
21044
58932
47587
34024
91217
14007
60064
83031
24281
54919
1621
52507
32288
3641
68217
29837
77624
15186
57353
16146
81116
99697
6846
89415
90804
31889
83703
75235
37051
77564
42616
15939
73487
80134
98739
36179
53125
55273
57905
67747
92947
77878
54401
37349
7425
13746
66450
98405
32406
15911
87911
18147
20075
45031
24586
30867
94238
51612
96641
55432
22288
72020
36248
44608
79434
47568
94029
47382
47975
48820
45310
8733
68729
25494
24125
69925
28595
63971
55351
43623
29617
85540
38827
71992
45846
82975
83524
10549
42306
31658
5324
29350
6605
83941
92732
14459
15698
5873
9081
25641
12134
9695
14969
62858
4560
20756
72737
96510
87976
86168
90941
90531
34303
25529
35603
85726
96892
33046
18464
82767
88646
12455
11033
29376
10457
95555
10117
6890
84817
79606
19206
51781
91238
94257
42513
30978
24443
78633
25092
74288
27972
35375
2738
33105
78430
64519
25448
60523
94423
65178
74282
70699
7933
62689
74540
10314
75467
71360
31005
3431
68951
76953
44065
63353
21483
43931
57435
29120
27072
26909
55013
21577
92758
64830
92834
21138
19430
49
10339
20313
2239
44002
72848
65524
80425
9499
37077
18879
51565
26987
76203
57689
46311
29002
12870
98785
97006
6374
56758
34792
74119
65146
69250
5979
40516
92489
11600
60543
82421
4251
1969
20435
47464
36783
36187
31855
80785
51189
10620
54800
87218
79076
6583
79958
81271
99984
1321
7192
98374
2425
5918
75225
80338
48323
79796
2574
72083
66338
80673
37627
17792
11011
42972
37351
92239
65976
49563
94789
78047
54794
20002
86315
18769
50315
93462
78436
74839
74568
14886
17129
75997
14377
83592
89114
82025
22132
89875
95213
27483
76122
95679
28301
76562
50778
94503
84035
61417
73113
84785
57897
88557
45382
61406
17065
57334
74903
1552
27543
66190
63989
54184
26803
69450
34583
16474
16517
18741
59267
32184
56696
37238
33598
47943
63204
34794
53809
22957
39010
95397
34588
90752
84430
54301
27153
57389
77861
76577
39853
94758
37095
35567
13969
46814
75520
93
792
70629
6418
67120
92297
52250
36975
42678
35573
67963
7958
57109
73521
67635
43581
69439
35317
96768
51092
37752
97624
36014
47431
90364
19271
95349
65116
73118
68193
31226
41425
35922
96827
54091
8169
64951
10484
88811
49711
70079
58850
20461
60964
3868
1527
23869
41672
853
38868
26861
24152
44760
54559
46602
9552
83067
9853
69576
87151
98753
12308
2605
31624
71157
84574
62176
85708
50725
46271
55665
58887
84536
56963
604
68240
22548
65247
66053
90878
45734
65051
625
78006
65739
26259
57852
44319
93258
37653
87113
84557
79533
42253
67779
5545
24146
37255
51346
18760
67859
27790
6862
23396
96678
30577
333
85441
92020
73826
75693
37278
99316
44742
6607
13065
31409
80236
66636
62340
36752
99360
36529
24400
44471
98832
94790
6919
37503
11883
61708
47185
51729
10637
32350
34556
97526
45054
90433
68289
30237
80683
55179
53177
33103
41361
5710
87401
12238
17498
14373
4016
92391
77150
91031
52558
58127
18577
40244
27356
54649
20235
8436
86104
77988
36763
80558
33514
78541
21872
30819
3222
6864
78381
31781
24412
28672
91688
70806
9226
36949
8431
60464
99138
76519
48447
82736
78543
78637
92907
51068
75463
92663
32823
32787
71955
44653
13904
24739
67514
47773
53634
21242
27301
83746
28500
69934
61978
98251
30822
60389
81547
83975
64475
92538
31217
37201
59678
19910
49660
39858
32193
63477
37493
23323
27697
19080
92852
45860
21445
93354
76672
15214
73712
33270
2410
92135
33183
77804
28223
66153
47361
14453
6463
49969
25680
86680
9145
44893
75713
29240
418
54255
55334
41180
86868
31077
47678
27054
4335
55983
58983
95275
77811
51294
97940
52753
40022
19192
64691
1985
32240
67117
16247
59321
84841
75457
9039
67640
14950
14429
4666
40306
13219
39366
45200
89435
90381
51164
99039
29472
67341
78285
84356
52399
20627
16946
7709
38213
82874
60355
33717
98603
4482
63067
1732
68137
39198
29483
68655
26340
30476
70156
95995
16781
63012
4541
77582
81857
55020
92666
85405
71426
93155
98219
30628
25517
12610
88061
15218
27577
34595
86081
75515
52096
1526
32561
7405
27905
38405
34125
77431
12489
36459
67480
42159
80764
48666
85062
43577
73543
8151
2203
10053
62556
59196
49743
77114
94610
52776
60987
99267
25596
73100
26491
54199
82178
32179
74516
23047
7724
53676
76653
18318
82404
77177
73528
18120
29903
28556
53507
96508
94378
79793
34336
30848
2413
43029
53785
21504
46917
92405
73070
12992
75767
29150
49388
73408
18348
62900
1870
26808
78914
72727
22765
72926
60249
82795
67160
27925
75350
47461
63982
24542
76169
31503
15127
83169
23812
44090
31205
20927
38626
69572
4975
85837
31749
76338
50806
12543
26569
58755
50542
13312
99507
40178
19930
47555
25564
47905
7104
69087
59042
5421
96783
1347
82724
30346
13991
22809
41754
67196
75150
35315
48150
46910
2914
27797
91746
28275
39665
23569
33786
30437
2617
17529
73916
24198
4806
92240
57860
4536
22107
63294
55848
63330
11203
88403
76386
32255
30702
3931
57454
62782
63794
46914
87399
76402
91389
23085
56609
62057
86982
24158
28196
18564
64097
61112
42927
40423
42519
44759
78700
47155
85590
95329
51048
24060
34788
29931
27526
1866
52496
5771
71836
80939
4480
87525
93171
56653
85560
77005
34164
78444
45696
49264
55233
12410
71712
67228
54989
36112
55195
679
86409
30965
84612
25891
50532
23833
96666
86636
68914
91731
47593
60694
86812
66123
4210
77041
25838
68457
56871
68729
21725
795
57427
24844
4547
3788
59790
86502
14509
7129
63722
44217
55094
51266
42540
30197
37024
76660
28170
84709
76965
95641
69644
80012
91169
33895
36615
1928
46068
77518
69096
41856
48553
75403
89831
81364
32725
42386
46422
7250
86143
64804
53250
31623
45379
22244
2275
69653
61170
1606
70953
45204
59656
97903
99391
39853
10606
3768
45304
91650
36873
87540
16608
32915
12992
92396
38314
83613
67939
87206
14405
13675
41079
33221
40477
89685
86756
62360
38859
41066
20828
97899
86915
10773
31199
80164
39912
3633
15643
37957
16465
55695
53978
72380
82368
29362
69071
66684
52594
24942
75
900
75291
98947
19107
19659
99194
18712
68491
60003
23060
3398
98620
46817
85786
87727
67133
12219
83464
14448
99996
93831
65983
44143
45424
30893
70773
23975
78529
83103
52177
41271
92484
22259
62187
71549
21144
53657
42527
28449
85821
37665
67295
9766
69943
93822
38444
87078
24081
42810
84607
34687
35579
65758
11579
14380
89884
13431
1463
41978
76015
45396
16521
3898
88525
55708
54717
84776
3662
95540
92251
49808
27332
84988
35450
24608
94434
16121
62780
56948
71607
59395
27644
96186
5826
26202
65665
68495
28414
75724
49443
74595
42359
64453
77099
85648
22536
73110
71409
14133
74917
26678
73083
83180
73620
5481
51978
26136
67128
64917
85795
94452
65203
29318
42761
99304
54142
78502
59159
74343
90975
47869
15615
59856
61061
72003
84893
33786
66020
60203
30951
32451
31769
15103
27809
41682
63744
20750
81947
13451
85540
14400
59408
83843
28770
53847
50478
22297
96214
15713
67561
33747
72385
25026
97893
47727
47996
50580
83374
40399
68000
41176
22630
26684
69383
25507
17966
64603
31282
15598
19484
25342
49170
71740
45868
19146
11622
72802
96146
7887
61087
9792
95917
75725
27917
89582
63880
33291
6311
14523
12220
62395
34389
34824
16596
19189
41223
25569
87085
51596
25067
26111
45879
33678
31183
96723
89410
85783
45563
2592
6349
99269
43393
99914
57856
74272
62741
98818
43765
64230
83766
5896
72551
52127
7447
30588
42821
7545
97748
42041
86605
45321
81688
15925
83365
96122
1125
78751
13795
6143
1176
25681
26904
57841
66045
18576
71048
70299
30292
75897
48821
8300
36144
62028
71484
90359
23993
37365
9761
1232
10382
64764
40967
88877
13422
78817
99655
29562
86892
51312
77061
43333
84299
46370
57550
94022
80137
7921
27241
34933
92154
91426
67461
53596
85543
32938
52015
78787
40270
95715
92228
41579
4872
10287
4632
72567
30874
66630
44377
70634
47374
45844
87270
32361
1275
91592
27624
46766
81273
50644
92863
9923
65737
46892
31964
11526
1901
95549
10851
9327
57951
66746
1370
57921
80354
27593
43435
26028
7225
39825
88928
13497
41030
11587
99471
20535
56403
10427
5986
49074
22619
41066
89153
91864
75735
63072
78197
42674
62163
42259
77728
65163
5545
14653
73806
38830
44226
17275
83954
44236
32345
96240
23563
9056
71614
85570
39140
92997
92050
16516
97777
23146
92967
90942
29227
73857
41368
88119
40638
82822
93342
82902
98478
20176
64442
16030
90273
27797
1602
43275
13117
54568
15485
7839
35263
51628
66531
6765
99783
95069
49887
1146
66968
62840
55820
61196
30762
42862
14746
64798
73106
21925
54231
45970
78507
27378
54050
43936
39386
63649
18238
96319
82165
67821
86930
23709
23847
79103
23580
83882
94958
76360
85714
50962
40460
78305
64221
83164
81354
93720
88716
16625
28961
56436
70928
96389
57040
41225
18695
69876
62734
13830
88825
52977
96944
27716
89152
64848
50111
95564
97621
99446
59601
67615
53188
27619
96229
61768
46833
23872
12543
47788
5656
50099
79635
49128
53440
25292
68877
87937
11463
60633
75826
76006
98127
50328
92892
76154
55391
53507
54228
87552
99836
86350
91424
81936
14606
10635
66613
48320
91047
53450
81865
76402
61226
77049
47191
89479
63860
13063
12213
79728
90404
24944
62468
4030
54328
17089
78954
36704
27915
33146
74567
71754
41007
94720
21912
42081
8324
80214
21147
87514
72907
86325
72901
13985
30534
43757
96793
46496
29006
37532
88613
81063
93070
3503
98139
60654
15487
9676
28323
40687
55155
39814
24872
83800
60486
85327
99555
15708
34820
21161
43045
91775
89597
7050
72721
78756
50195
58028
67351
39518
26489
93324
34472
17376
1086
61714
8330
55320
42496
42005
97124
13252
95262
39124
20844
76161
47284
66684
71533
95373
49047
87050
17892
55613
77667
34213
27741
29855
3276
86959
14781
43524
76406
75641
11716
77820
27039
14748
81473
4676
82412
29253
44208
85043
56288
48951
47555
78288
61224
14479
66809
55595
87445
49515
433
33001
28194
12882
56585
95175
96935
92331
88098
62245
62238
79618
87304
55402
59368
99626
49349
95351
2119
26462
21934
71805
65359
38704
15182
99753
85517
36629
1633
28985
93076
95235
89048
36678
61627
29917
74418
63026
6516
27428
89545
66581
85477
7414
98995
68521
39961
47119
54071
15498
10503
53047
78720
6366
35559
99987
52558
30227
7592
22786
4660
79614
75284
33333
91489
83250
7533
26858
66266
89949
27494
29225
77562
48725
18229
80729
75518
31081
40191
85287
27825
41933
41986
74903
81161
8452
92960
73062
40000
21631
67166
58689
42111
44465
94850
97768
62623
88538
3888
29673
26159
22516
95736
19968
62174
34523
10481
18621
19278
31297
6101
50111
43862
86574
20304
35421
44263
69769
47643
83321
49287
67191
91079
37102
46716
88872
8075
99975
14779
60161
96801
35820
2577
4431
51232
17203
16638
29308
29921
91771
34639
21874
56830
40635
14644
24127
88817
738
98640
82332
26027
1717
79061
41361
61595
13088
77302
56589
17562
8989
45674
75939
59062
72657
6496
17
33006
37966
2167
24025
14299
56958
77650
88270
56970
18439
93167
22431
18338
66457
41004
82613
98612
17041
73542
45070
40131
52877
62802
99544
49696
26629
99748
27959
51840
26306
69252
4804
9366
8665
80030
1276
40730
7544
19601
88359
59902
10087
78709
46782
96475
84785
56882
1132
98898
48787
61560
52679
67203
22164
54443
34396
50688
64413
16991
34829
18725
19924
47271
24865
54270
90798
43363
81897
30050
92684
53527
1435
73915
42118
14947
43199
19911
42318
33234
85280
45230
78089
10595
6536
93580
18729
61132
83832
49269
5999
81228
5062
30760
28847
52637
35374
13913
58829
76046
44887
25301
90798
44729
36796
78025
89400
66238
88526
84225
69255
79056
12105
11411
70718
41281
32950
29046
40813
80500
72955
32128
53985
58285
38882
10309
18300
98046
51487
58496
86244
54677
69175
43080
74199
49384
24980
94411
69454
61597
10701
18874
78865
68027
28004
82950
93291
38385
71539
25742
11703
45610
97928
96230
11302
30089
60581
36416
77399
25727
86186
48673
23552
38081
96914
63949
41397
70928
2388
82522
96622
48354
24680
90987
28015
51160
81900
42350
15440
1819
38736
87581
78538
43266
40585
93114
69685
63943
31688
1579
35763
17685
78812
84758
92573
14557
75876
46709
64966
25484
41780
44867
28218
56034
64179
50268
5041
60136
27338
44837
8018
82448
54255
6774
30511
28762
40665
88747
33142
64094
80120
64263
15060
83915
26930
1796
10820
47072
80623
7184
2842
78804
18040
20058
6510
54125
55908
23994
32808
27768
67091
69335
37253
68449
44462
90512
82103
6474
70778
86112
7055
78735
26029
8870
79572
28899
22512
1515
24246
86419
96191
3807
55192
78997
19935
28257
44686
95658
99212
7505
96488
26305
3806
35523
86719
36975
55069
90012
62449
56013
10928
62552
70544
97404
91302
1312
93283
76146
37223
4230
45585
3984
81340
72921
47015
34908
34089
61555
85925
87056
4774
80562
64042
35863
72641
7986
80259
84846
61952
98403
17235
80416
74375
35946
57403
11549
51025
152
5434
73644
9946
4076
18620
89967
11466
41307
35136
53349
89506
44084
60484
11533
20049
91255
77876
7431
72506
53174
59415
78842
70593
17283
14186
67242
78825
34734
11171
49535
89049
69385
11727
58221
12398
14503
71589
66494
10474
54808
16825
53639
9564
81136
45439
91045
93458
14881
44663
73203
54371
11874
25590
56491
81778
57665
62094
28448
24882
10259
89980
73450
56974
160
47318
43469
89894
70768
28923
17460
76033
76678
59306
96130
51891
87048
1132
31978
78700
15596
74890
63474
38272
81179
93980
76425
7263
95720
60239
57917
71821
56542
46479
21818
93171
49852
15417
37708
78342
20031
99422
3626
19178
66240
45211
26294
67457
9744
54059
49953
9722
44019
90034
14553
78546
26191
71895
86224
26504
94890
42814
19188
39644
75441
58562
62934
59428
23524
69645
65588
62033
98533
73532
69826
75592
69419
13970
68238
750
49937
69476
24728
19320
66210
52884
13889
33661
91278
26187
58271
80703
34880
19821
56072
39098
45030
89343
97161
47712
89586
6361
41417
18253
54915
84492
54817
68762
41078
23437
56782
86700
68574
39567
62044
87478
40657
28781
7538
12417
68019
35764
44913
44239
28374
61997
12563
15823
5164
29806
42286
90718
1260
78194
98387
47276
79194
51493
22584
16206
79288
38582
53318
77398
45730
76606
91466
50023
39766
74706
48918
18521
7918
39951
98803
40494
88393
57784
61887
39745
7087
99771
29741
99951
51262
97492
84102
49337
278
88934
70031
47529
98363
36599
7304
76499
99672
38226
48857
19048
86313
3744
90690
87048
96589
16188
42395
36501
56972
27412
31253
79767
14902
7426
64780
72821
49218
80730
49421
14298
53040
64181
22591
99404
34817
55594
98844
43945
86752
59179
19977
96407
98901
801
4030
8301
85943
20116
20501
5653
80132
76778
44198
68031
20350
18704
45853
92724
81495
58718
19139
33556
73011
48817
83129
4488
20393
13667
55808
99515
37609
46024
5692
53556
7728
17167
68826
88579
18925
89158
1989
76127
29914
14257
29212
48659
29281
59522
66927
95234
71527
79836
38790
82073
81762
35079
96183
99543
70525
36939
99481
81025
94367
14129
97838
9160
33022
12757
72495
39599
80002
52887
39993
3654
30996
8203
61191
15913
56917
43270
72121
57999
34084
28709
39693
2501
48060
12122
64356
68943
89356
88169
79223
44906
48052
29124
90179
37958
13251
55503
85865
10031
43918
88241
98439
73652
12552
91055
65859
93228
69407
65826
49925
99479
36892
56264
25917
17737
28884
32897
90140
819
67282
13267
51470
12763
37865
53600
52288
88490
71741
18268
68465
44955
96439
44370
22578
10656
90139
41972
94313
24291
8847
42082
78856
10030
43966
73415
60844
65989
15640
70502
5400
34075
21362
14408
54244
44632
79411
72257
41366
51638
88118
21366
2031
71724
3719
31504
55542
76859
57103
7387
75033
73172
74684
36696
20161
44312
54766
63839
27305
40988
28516
99906
58423
29167
94794
22304
8893
94063
57289
51808
30600
22170
38228
11346
41873
83216
95888
19583
781
10243
47674
2021
67571
64900
31788
59935
13863
84092
52449
71622
43686
30079
14745
74560
25656
30836
97327
85048
1272
28291
579
23771
17674
99304
27603
56259
68630
9625
3706
22930
30533
89483
9512
79324
34909
60760
90720
61047
76623
51525
88945
94498
20669
8606
35215
93258
30902
34919
96194
89609
6278
31284
35772
63897
63326
25311
99848
72586
64254
71218
27719
31981
45750
42536
96748
66101
15246
94562
40692
41642
26891
28861
30852
25241
20462
20193
89754
52367
57966
28412
49013
20423
89302
85282
96196
2144
57565
43446
67672
21953
93750
1160
54381
73088
27391
7024
45345
18659
18583
63339
21361
89291
80485
99458
33495
82433
52125
56647
99355
65518
33988
15613
48733
55790
77649
53322
66929
53635
70758
10190
7981
4239
16521
97829
26274
82958
84384
62062
60685
38322
92219
75943
70942
43888
64610
68529
90643
97530
87916
99413
56967
29389
80468
15891
28181
71294
54852
1642
13441
86282
43459
32646
34728
80170
74295
75296
86771
46384
86098
52467
16859
40652
70497
66613
3086
89257
88717
91451
71316
46745
94185
23612
36571
48100
50470
91355
24965
9799
28752
49012
30871
70347
68703
73419
57834
38144
69879
44114
77186
74993
27926
92354
40379
2553
14459
45302
99761
5980
66012
22018
79326
90703
38997
7332
23730
30271
60366
35460
89322
48055
82514
8814
58900
92123
95784
88480
60390
14383
15785
56321
88079
61361
84048
75534
52873
52548
14563
76234
13410
6100
68780
29280
93826
52166
6740
32291
28464
24471
76466
49143
84101
70937
53816
47145
13432
33451
55093
11207
13835
19912
3597
97579
58261
1567
78637
2489
53380
20873
23063
37742
67055
18337
27967
46456
16207
84067
94467
86909
81683
54225
38932
26512
35825
48313
34947
27273
44063
31183
24646
48500
34684
64865
99676
233
74855
54266
35325
69905
42450
80637
82984
51868
52903
3079
82500
18607
78344
97681
64919
89569
44696
47678
95661
51018
95014
93508
70549
21459
93224
44373
16484
37431
46542
85790
70101
28253
77528
85997
8759
94368
60068
16507
62134
99669
90139
97593
78778
8663
78274
72429
66014
38732
42413
69009
3343
58893
14963
64823
95770
58625
67399
64737
68011
85094
68814
73972
11479
90995
21730
94423
18445
63667
57502
19414
65493
47543
9827
93958
24391
74382
30442
5568
98896
93818
52503
54799
18643
62839
74029
57246
34182
19058
45475
37446
95848
31599
85891
19044
24178
69413
94337
56994
26481
48625
29915
56372
28865
26463
87966
73838
73000
9101
3082
15447
24430
142
81734
62735
41533
38274
82667
79950
70827
86386
1631
34254
79988
88610
49892
92649
32675
21530
76796
35198
42912
7833
20099
44036
34786
30388
3580
22717
8510
27078
55531
51553
9745
25145
56485
72001
89220
17069
90606
62598
24397
29620
1049
5468
27395
16404
22851
59434
9040
56708
95330
23914
64805
49825
55959
23583
70669
33639
67049
58826
24008
35316
77686
57492
84252
26164
5198
35661
93826
10285
43923
9765
35925
15016
92560
63148
74723
98816
80531
77821
9675
10715
800
71310
62684
91987
6627
38206
35497
41291
29980
59341
49058
35230
82038
5124
44377
28659
40670
28935
5486
96909
22611
50288
85745
38267
69404
79415
83174
33885
45992
3245
74393
76388
26901
19092
88852
67674
46168
71618
26751
28630
18180
17699
38605
41340
2295
76368
28272
35924
90103
69943
14429
86057
76789
98340
98516
5764
6867
33306
47308
38584
65171
61322
80595
11936
18063
81865
38263
33498
2932
67164
47400
8537
87228
64130
27930
40124
38757
68029
97386
21631
66501
52815
16464
64445
79914
71930
50493
68345
20171
49535
71742
34773
40998
73189
93533
76982
11027
17082
73111
34890
54334
72054
4274
9982
13854
52241
51548
99793
15345
56011
13412
70370
74969
3734
28740
14197
54966
41272
1835
13836
98535
13
61968
66991
46632
20375
80197
50045
898
35449
18151
2033
77248
13176
89869
64750
44706
21165
35397
14727
27153
35204
59463
84329
69779
38625
63653
28517
76913
19586
30282
41050
28956
30336
79456
88603
3741
50917
54070
29342
59845
6470
63706
19249
97848
55747
89261
38818
67253
11441
3378
10641
32225
5988
41935
15605
56152
23117
40892
25325
10386
37504
70649
84971
12590
46437
89278
31413
71401
82644
32550
35289
46460
82939
61648
60206
7663
52112
99721
23222
34717
3148
84294
91815
56181
72563
63752
82104
61052
10125
82089
29792
41642
62213
95919
73450
95356
27236
79235
16818
917
20351
42020
63336
75158
16436
97609
39090
6307
92181
15636
25511
86201
31624
4612
52072
57455
54225
51064
16476
72703
15326
25891
97886
31309
35626
91601
99907
21730
35117
10454
61103
40379
84216
17921
36539
97661
23791
52141
37180
61443
53961
68416
40476
67813
13219
63859
85688
92823
28411
12442
60963
38848
63802
76521
35752
7228
48618
79666
5727
7361
13211
58762
32001
65658
34685
27510
64905
76739
74544
7954
43074
44209
72007
16588
95080
26484
98369
23098
76246
81625
78463
22424
74845
37699
45422
29334
35369
21507
3603
7820
62930
12952
2860
76518
63215
63461
2908
41729
6855
55201
96983
65610
37193
40578
22322
98395
13283
84381
41883
3423
15559
15662
80648
553
84126
26302
73206
40263
13816
93379
24231
38743
17519
33766
23409
45505
49567
96974
24118
99210
12320
19597
89949
66140
24557
39562
67458
6656
28325
80791
5214
93871
94190
32885
45299
95590
86215
66453
20352
89812
9310
70623
21577
15862
58085
36721
11751
19429
73429
9231
92410
42982
5618
12236
19637
74736
97514
17097
32768
48899
42332
34405
51259
9007
10205
7255
56308
55370
93511
44594
39752
64285
1698
93209
7036
69657
77393
67594
57739
64912
32545
27928
56895
9680
51153
23674
50276
56033
88443
67880
53758
85882
28953
49768
47808
20094
68567
70630
44933
54960
7180
77930
1144
54851
47088
40801
19588
24843
29460
32574
51558
54948
39884
82881
29762
6777
29515
84294
11237
48849
19570
43239
43600
53332
65310
36467
51126
23323
25293
4541
1490
93560
3562
58939
17792
49259
92809
32095
52787
85427
13649
20730
67988
28774
9744
12529
13080
95425
16152
14980
53188
83615
87916
94292
2352
46256
93832
17379
45220
14634
91273
29466
17756
74439
2790
35502
26315
92435
3539
35173
26882
39997
13880
56994
89598
22577
2019
1322
97778
47679
1139
97529
41977
952
4198
99852
40974
44075
68354
54508
39465
15213
30716
12755
68352
73859
99886
5939
36801
76487
95126
11271
65203
79858
75879
51008
51835
21488
50985
66705
58579
64934
86232
48408
87980
24565
92827
12831
69183
26959
33542
99943
17337
79891
57705
41763
91446
3024
11100
63384
94067
2932
22989
79731
89190
63571
8146
89687
79647
72024
61394
91887
51353
77369
38742
83752
36490
13193
26984
90303
60621
71353
63322
37959
35415
39509
79925
6576
71905
66488
33993
49170
63444
44701
94425
93083
91368
6798
39963
43819
31349
69045
16820
49056
79014
58438
12710
96714
64504
30855
81897
14827
24267
96056
4509
53760
67910
65412
62823
94602
8839
79500
80942
80115
65259
79883
37158
10047
59256
83833
27534
48185
32340
74384
71297
77544
11671
89032
48483
22416
4047
49822
27588
56873
41328
80607
16205
55250
36645
95156
389
61386
87660
61325
85984
71663
52035
47815
90842
73038
20897
3733
78018
22537
73684
97384
5258
37194
66820
48438
63353
83598
21420
18523
72132
64323
14614
19409
12020
26988
52473
98487
33828
29027
18387
28639
47766
66175
79434
35318
80063
75987
7132
88557
79145
9805
76378
99851
8514
56371
91746
85706
63808
13544
62864
23708
54956
63849
88114
59753
9143
91257
63363
72576
38662
11790
7249
9203
62752
39446
41574
16537
99499
48520
13519
54189
14829
60571
2539
70038
37640
40275
38570
33790
3216
24350
71099
33979
28367
83057
12192
29909
80288
99440
33448
87105
17240
41950
12472
60692
37556
31032
68171
28883
26084
80324
35431
51882
78219
40527
68937
27187
19946
90569
18655
57016
68138
58329
77444
40268
37661
9005
96607
81957
95454
35589
50927
5
87718
17623
1209
59299
77142
71018
95265
44946
86361
98207
1506
22321
53066
16758
40205
30431
98679
14877
14844
8207
79961
36780
22444
14860
59143
78674
88225
63526
95613
14240
48397
88906
98508
40600
79165
38527
53099
43445
60867
84617
26618
63596
81637
9226
83488
73793
84027
16599
28393
47591
54481
55108
85278
36511
35802
68769
16891
43548
21052
93621
85240
53461
5780
16642
21600
93428
49729
50658
41956
72047
99101
24728
24347
54820
62314
10083
11041
87822
46618
73125
24180
23213
64944
37889
23589
48076
27374
44624
97793
39102
12666
85933
10587
24150
54946
64049
61378
65688
66144
98243
33771
17552
63080
58175
85259
65085
78583
13823
26559
81552
86241
25212
18514
36949
82768
10025
44736
18084
48344
23036
40553
44222
27533
44562
65340
36094
28678
14644
28878
71524
34338
74926
22613
56977
27403
40892
15915
18540
43658
60380
66941
49514
17484
8354
82721
79314
84219
92737
51473
25631
78958
90815
91223
67240
13170
94292
72665
98421
67872
62552
88774
704
99370
12907
64406
83403
28045
89277
45437
1416
93807
69026
99752
98114
69313
97762
97985
79688
83734
56720
79616
34423
37385
49873
77505
47036
41412
43167
9444
54194
45919
7455
93341
26237
82480
49234
44764
5303
30096
35327
61655
6988
53791
97856
47249
48066
88636
74121
5714
31868
44645
47018
48369
92137
40628
12217
67406
69592
76079
72360
7121
904
73223
81979
86373
30318
12676
99266
77546
14305
92045
65099
6133
64731
44098
42995
9247
34245
18360
47215
26463
52449
51662
93590
11476
13843
91544
91176
9757
6874
79386
51352
73879
36706
80881
48329
91304
60548
37031
81245
13969
83845
55178
80095
25463
54800
44044
20202
56841
77798
2180
28994
2901
38430
58150
98709
18960
28841
66817
33406
73342
94542
11903
37994
94294
34656
13278
74380
14847
54350
76426
90225
56840
68465
45465
53413
75555
63045
35712
93507
52488
59139
7190
69766
65614
78478
46360
4829
51714
31167
71275
28830
34472
50332
352
84820
65429
58288
7196
95359
73893
57017
4596
92660
9222
63139
28408
75802
13664
80648
8180
6112
84932
23456
79285
95464
99509
60652
24545
8823
72476
45688
54806
14538
12031
94997
37429
93056
5427
54163
4403
64910
2683
71606
13616
38014
8923
25703
6216
79945
15180
59657
82801
40803
62856
48792
41814
79744
19623
33139
59353
361
19741
59828
81141
15973
31123
71827
62118
84779
86343
99537
28278
2087
51144
62696
46482
62599
48896
65470
4786
91550
33274
3717
30338
98924
52320
17034
69251
11721
42828
72632
71730
26541
57692
53192
6052
72176
26825
60425
30079
24251
75816
96366
51071
88493
32799
23785
88005
55159
12814
57184
8030
53641
68952
19570
65134
88
58882
70151
39175
51587
60857
56490
32987
48467
28183
22440
23398
14343
97736
1919
22987
27519
47036
58065
90827
74436
12714
56506
92125
37918
45129
50703
56601
1712
8493
29844
156
88122
47065
41155
58465
47404
15271
54384
16235
12499
92228
31655
85056
48911
48945
38813
81633
6492
87001
35685
19073
94207
87399
55540
4307
30545
57284
90421
8501
2666
97227
44532
57306
22796
2309
92156
44185
59583
34739
5779
35478
24951
72477
36550
74284
46813
86028
10763
36604
97213
66948
27695
26677
34624
21181
80890
28552
89454
63771
98745
13453
48739
76240
70357
35949
23359
27391
92836
48005
5095
13054
33933
44045
93664
49502
64940
93097
71313
55080
12046
70050
37491
13827
68977
64638
43250
49741
61839
76808
72242
47791
44059
41184
47869
48487
18329
82603
28534
32448
4015
21332
99554
24597
49526
47598
55788
65470
92113
33269
58361
55082
52189
83140
29724
47826
75864
56209
18767
1195
40808
88395
30945
48281
73909
87947
29683
77495
52354
34863
71011
18296
37108
20443
64544
21359
30796
4190
16185
23516
26679
52989
61671
39283
89522
18705
56046
73591
2089
28993
5422
79588
50824
79329
78359
2985
30171
93985
8719
22010
4500
34010
96485
97887
47723
70631
96661
4538
69660
29933
6520
86810
645
55529
17784
82317
11523
8043
91942
42695
98748
25203
1665
66591
63388
41003
72000
31244
44665
4505
13854
24105
67290
52334
91263
96121
41357
68381
64276
73570
16405
98163
80339
76326
35190
4326
66479
18158
47264
54280
31901
74982
40061
66186
11315
26818
78867
52776
26161
15400
6353
56201
16806
96101
65894
89956
6581
12000
27632
98398
75012
35253
27993
95131
97717
86829
13280
18059
6873
60377
53200
87269
54241
42636
7151
63514
43320
27082
3730
73114
49405
66641
51299
69828
35552
10474
13088
1488
71156
22562
45062
81690
10027
35468
82957
69783
53944
73915
76007
70430
23017
63381
70598
63875
79037
80297
41219
7866
4026
3836
23757
6066
46049
74462
9806
41575
90914
28958
81381
78237
44792
98720
23167
9172
8151
53572
6862
24669
9794
44870
9176
89635
43223
51689
9794
39414
75701
38872
82053
15752
72234
32934
60665
3361
88143
49981
76673
88241
28366
24406
75183
96083
45526
88694
46720
27968
59596
68192
81816
984
16003
25808
49428
96831
78671
73701
19221
66469
8215
50210
14626
32721
5148
55240
78945
75302
23602
71011
17876
92161
70739
78285
11581
67268
87594
76801
11905
74240
51190
6376
71564
19134
67794
86428
12875
21515
38457
93426
28109
60262
83595
88169
77498
16535
83114
54524
30380
15875
15605
32101
4245
27848
11219
50947
60049
85246
86740
48902
66215
86123
49756
79618
51066
53614
85999
55682
64435
20494
15831
48071
19791
53712
9683
80995
14105
82622
79855
70145
45101
88700
33457
50859
64944
46756
89736
79234
47150
75448
84071
28232
86144
9263
74293
3264
59970
35877
59321
29871
55701
96611
96515
33569
32158
25835
95577
98992
20136
52257
36098
57089
84557
38953
94430
76678
25766
85647
79167
4906
52403
67138
42275
77982
39190
68866
19243
60066
66505
43346
3391
55898
16774
28867
47996
29359
82112
85529
99769
13521
56080
84331
61572
43727
60363
86596
21463
38181
99118
22985
9516
65381
21582
66704
94726
3661
7654
16908
39197
69672
62803
90771
52779
41793
77517
49176
33357
25424
43832
31069
22140
95460
3205
34043
35983
69871
65711
7368
71473
99392
3632
18617
42460
75664
55991
53356
77729
39475
99389
9583
58928
89865
9582
7008
77810
65359
65219
85104
20455
88723
55026
72529
95484
67411
95900
19971
91560
86821
81195
32902
90774
58012
22052
2148
3924
92594
40432
92483
38081
45672
60994
54366
2140
12689
70395
74972
25137
34004
83837
50956
43223
476
42006
39316
30357
25008
18025
85516
37079
83227
83780
12485
88370
43897
6251
37970
79405
45488
11095
37587
35229
27114
93469
94756
7213
42224
4325
44841
30364
9478
73278
93100
19740
39180
25243
46264
49969
28492
32418
50813
25157
27939
77034
46494
90713
44031
53668
34333
81555
33927
77394
19808
3230
46209
35852
12371
25926
19597
45371
72578
70208
69493
85231
52935
84331
24005
91169
57262
35326
63965
73722
21497
65914
3571
27067
62839
78480
8276
20691
92662
50497
75353
17710
92515
68878
6928
59853
85543
29432
3119
24478
47681
42882
84899
26402
93323
65481
47878
24704
8447
4866
8210
57470
60467
11689
44845
32257
25002
11427
56633
7182
17768
20143
79527
12074
51050
85075
43519
12280
14334
11475
70773
29718
50613
15799
58552
72773
41020
82809
16372
77457
28254
29442
77363
51990
26414
64162
20788
10213
68789
62968
39618
1216
6226
4722
74865
70608
75555
35353
24826
50529
76955
78499
36841
16113
13235
93675
99114
14789
37838
6211
16480
53849
36930
85488
88551
83877
54626
27595
53430
2454
59833
25016
82493
76646
32651
49892
34363
85404
74496
11942
770
30048
52718
2239
61216
20700
95690
56138
15993
75277
10690
59655
47971
83079
56950
2955
28372
28791
61742
94307
60076
54623
50056
40897
40576
13282
70027
60317
37843
25528
47050
41247
42437
94534
84475
18091
40483
4675
38813
23977
19172
89016
46402
95646
5219
25395
79891
90051
28807
80337
4309
2992
47505
44155
6392
55469
31203
85671
4033
50217
57650
79790
70949
41791
53261
12749
97512
62774
26588
1274
81137
49143
45092
77449
29969
11628
77649
23571
40904
52221
63719
57058
8243
91000
95635
23366
22747
2299
9381
9672
74437
21811
24341
676
87599
36813
10134
50473
24136
86957
92909
29640
88375
8237
12802
85406
26748
1950
12254
90249
31389
28461
79234
36602
6236
48391
14719
31725
49586
69382
80957
45384
35329
45897
43438
12505
26535
46662
92716
41551
14326
75119
20917
28416
94260
94619
94992
44433
49387
52100
47199
23765
40127
80744
36422
7230
66821
45334
57936
40005
58295
89527
10885
77646
99906
19157
1590
13947
86305
40960
30638
16819
1051
1726
68364
90636
11061
24527
94329
98805
92661
16117
84578
60082
76986
4597
29592
38174
43918
99252
38004
92264
76298
81437
55003
79873
2314
806
33886
58501
32756
34857
16310
43654
86254
820
88580
23543
69040
52287
2744
3355
49391
3094
89914
75647
62546
11722
88098
37702
36054
59384
5686
68617
75761
54286
706
1795
1569
39096
27720
27095
11966
85428
1732
92913
43713
31117
74021
84337
22711
73152
73227
37787
68938
81843
24117
16997
38241
80260
58598
915
10092
73043
84792
71841
63851
25804
82361
43339
24190
92585
49312
74738
26617
93631
70577
85531
95682
55399
15967
61424
15497
7956
59490
63202
46528
47354
61523
57429
35581
34444
30870
20067
228
68818
1469
42200
67925
370
47902
87435
76625
87260
33910
81086
34203
38095
22434
89352
70039
39726
67435
85731
97706
31966
79492
97544
65954
7246
91071
86849
69200
98337
90999
10355
73039
67787
25004
51101
74060
65348
73425
6398
70633
28182
97354
79216
42758
67484
45211
57275
61626
83682
41470
21742
67266
97454
87543
60083
71017
83810
6026
85705
26650
68656
63220
81154
68134
30554
47362
11228
29238
82460
16645
85749
21160
77138
18100
91306
81075
26691
15664
81636
58702
8890
2681
42896
31047
4520
5593
83875
35575
6375
13961
79645
68317
3112
1598
50946
66718
94626
76394
82851
23462
62104
21664
65941
77665
71631
97865
42509
47555
52839
48386
29507
93753
34174
94480
29398
16443
33230
69484
6416
4538
19378
85725
26302
54008
33810
11907
88145
71838
37634
11629
3564
27079
59461
6755
11763
12172
99226
36308
67697
7748
70090
20212
59719
99612
89511
92988
37674
44506
36260
70572
39740
34394
13066
60100
79285
20692
10710
98097
87907
77466
83663
51670
14277
93446
70038
56337
68783
37570
57798
40081
9153
80968
41836
68946
57140
10054
50011
40191
97531
18080
2216
38650
34952
88166
7190
43455
40033
28533
11208
41009
28312
97337
20770
5749
92739
27689
42281
5474
78863
22797
10652
73885
74882
45892
5434
3976
78947
86920
33742
43984
44913
42431
63751
17656
96593
48637
31826
15986
3788
98203
71488
28885
15867
72355
35629
63622
16069
58626
99779
32699
92667
88790
77375
54181
43927
44466
42964
49909
75809
42255
84667
36270
77034
98752
2312
49827
46456
33355
21535
80917
82535
16731
88442
10333
94311
75084
65195
55636
96178
1040
13244
93744
43994
77729
73884
1019
48382
96406
55612
43663
6487
35625
67169
80826
78141
6946
86828
46291
43131
82947
99631
23217
25257
92940
29956
43973
35351
34516
51019
92894
21124
33614
30252
24086
26885
80322
81964
24341
22896
55254
75004
76923
38320
65911
24444
57863
63607
30476
84883
7597
75445
51012
29489
80696
17306
54268
59710
87513
54775
66272
29950
95712
72543
81566
52212
76536
24933
6577
87190
53347
50304
36825
32444
61436
92228
33590
18441
49167
53875
41958
9698
36736
59040
60067
23826
27992
27983
28835
42240
11502
98549
51839
90454
24294
21039
24242
49360
39641
52453
49906
32230
70139
61750
23794
81973
18826
45234
95993
83494
91495
20098
27124
16857
6179
99093
59382
6369
15501
62006
27619
42388
30879
683
94673
1982
45235
9344
63841
55489
29434
91277
67043
31953
63905
38526
57054
25035
92363
93785
66685
63579
35414
1602
88508
67132
26292
25711
96247
40539
29973
4999
64412
24676
25633
26578
17879
67768
52540
81524
68559
89594
27337
32528
75404
76851
65253
14269
84811
53599
74939
56927
81746
349
4407
52835
48623
12120
51639
86822
72399
86651
6545
80891
50687
64548
16882
61012
95202
43648
58032
51486
45002
13387
57175
89920
48114
77545
4574
61780
49440
94914
91218
49416
57260
84467
59285
62509
19508
20723
92593
3453
70364
89904
44617
82860
52615
80608
42818
61401
19309
20218
81069
40040
40775
71332
2538
96351
48210
46148
81479
27493
57105
9501
41620
13201
51854
47475
52634
94967
45380
15636
48719
94816
20792
42006
3272
32148
22123
76270
65168
72959
16843
70976
16521
18372
20547
53453
72590
52018
19917
98848
75162
49259
89769
35590
55280
1144
21259
10611
96744
81628
39071
52534
60410
72669
53398
73565
17602
75295
42574
55257
91094
91438
46947
50105
75745
21411
18113
63688
21016
86500
95630
60143
69030
44521
59996
18302
50540
41557
84150
21885
62247
67743
40766
18264
3282
19157
2977
58379
1092
90430
50124
85157
37651
2891
58755
91306
70982
38189
43367
16209
85271
97865
42670
81803
47601
95465
30967
31179
34817
38557
30761
99608
70499
84441
77048
37122
70570
1103
79975
23256
502
34895
78503
21910
11074
50471
58798
12514
8867
68105
7302
70335
39949
20206
66573
1699
4327
32867
45792
29503
29615
57582
49708
64231
58849
22639
40788
26373
3657
35801
64705
38433
77501
52632
45957
52881
37725
38015
92424
78361
35355
18006
11436
75913
96654
65239
3072
654
98076
76533
45223
82734
47598
73522
62096
24752
5947
15910
57107
19177
24350
79798
11890
57934
96045
34157
76528
15240
56900
59590
82618
67374
17917
75884
90622
57830
89336
43504
73727
22423
16416
41921
66187
38262
90116
43096
52362
45060
37148
99507
27222
7603
88127
33096
35144
14466
55965
2699
96817
83729
73761
84893
65156
45304
67733
57318
12131
16730
39546
57139
38169
72332
10494
92261
75317
62504
36040
27982
79603
24733
88813
49758
82180
86592
63841
76972
72751
9464
2394
75715
39788
22471
68126
84227
11128
15403
41043
3709
51471
89085
85806
73750
81124
49168
89317
18995
9283
5427
24436
56202
7850
57439
78740
98887
1594
81246
70552
94919
56376
39227
49316
74342
68889
66810
95312
75631
41015
27319
63406
46436
48802
46684
75399
3280
864
70996
28230
75512
40829
52802
52679
36030
1086
80840
69891
80906
88458
62883
58101
5544
87193
89775
70295
91630
64610
1362
84803
83353
45045
19770
98529
97374
2573
6074
73764
36170
5186
58775
87268
97279
19774
30637
46205
92199
96068
50026
63782
23725
13081
81336
78582
28427
47718
98911
99561
96273
44120
95616
7638
21223
40153
68936
55723
10578
22181
42239
48004
29994
41911
3218
78509
835
38432
25612
41897
13461
93784
12334
60285
95251
39168
42277
98180
59713
25962
9111
81815
40228
91226
37415
72768
46663
64584
41927
7996
28993
14527
95149
75368
13645
17156
64479
42644
62541
38364
677
1991
60829
21982
63370
19427
55584
20000
10169
92046
25180
41182
89908
40766
23628
27158
87457
4656
66563
54207
50624
32581
66994
24969
69093
43894
97593
12073
30715
95408
98786
44708
8259
53375
38739
774
31716
39130
10491
43035
63104
72856
18738
73922
94423
20393
64231
39080
87942
43784
21331
68303
26435
8317
44034
32358
97411
22752
70663
21868
49816
5840
21126
23047
23484
28884
34192
24027
12098
67982
82045
94424
15205
98743
75710
99903
86577
47873
59125
75313
79494
67626
28092
51081
5130
2868
65980
82564
55277
1414
45543
44385
86275
31701
84966
75573
79768
14182
18765
63721
61120
80979
49950
45055
31324
88403
13608
78439
31498
63978
81032
51258
11423
96209
54744
24936
61734
84957
97532
31441
32109
59135
26378
43666
51389
88046
94963
93111
84187
5255
9819
44518
19889
50063
22295
54942
51655
79686
37155
73991
50043
99885
15710
88622
55230
59136
17079
43550
64341
88746
17939
45129
56849
88534
30378
52292
24764
23234
56982
31949
94381
29137
67769
7559
3375
47852
61676
1417
50050
82824
64393
56857
80440
74150
47696
19134
96129
64192
20425
66958
33555
10353
51017
55637
65047
97647
40405
68742
10631
13539
8930
64030
40996
76022
58151
86559
54415
73694
19137
54684
75885
38384
69440
7410
36488
29891
75417
42975
19554
91477
58141
48382
58533
27610
81038
89263
79109
63163
79183
48699
36154
18589
34281
44849
74627
9890
16284
22263
62960
65157
36905
15908
88299
77434
74722
30151
6385
47839
45383
25661
10708
36727
9831
3719
52309
17797
63378
51684
5009
23103
24163
64168
15564
56200
87747
6122
48172
73234
33507
68799
41467
2040
92035
45851
69232
15318
75101
42013
4340
78690
66433
7335
79534
64523
49483
30891
69127
76029
15807
33351
79217
72304
84427
17719
53322
52349
68067
41778
15086
92387
15405
29547
63952
61136
46225
40995
67397
96687
72137
46609
1108
21548
46537
4265
55191
11685
41677
53169
92069
23518
70685
96603
59531
20205
19238
62583
68488
70326
93845
32402
69421
14554
40903
81066
37999
33031
30594
67850
85430
62168
48653
32795
28114
21541
23539
25124
88190
57240
62505
29193
63585
91413
80392
69817
1694
83353
82010
89540
3621
51440
22918
52670
42295
39834
36178
72938
73512
51630
99568
16271
86202
88260
12063
67183
44254
18150
29703
18928
58309
69419
52138
83184
25235
9345
50562
15353
5950
84128
97583
5565
23195
95482
36717
7272
2155
25793
78627
59284
39041
64949
46610
23018
65990
96737
38849
55529
31206
36953
76678
4916
41179
51556
80828
19003
38383
19164
22150
85731
73876
84382
7075
84997
74298
9030
84279
51986
37037
93197
42034
41517
8250
63826
73653
20233
20543
39529
36823
56897
84099
30958
69788
4996
75035
12585
2229
3789
35172
29685
1186
28183
34792
47328
76556
20361
30514
92559
61156
70710
77577
67198
94312
47911
21449
96563
44210
91111
96677
63513
40352
28558
73153
43531
3577
71206
24113
39083
51064
74097
20026
92782
42122
52659
64625
88811
11939
68486
94955
69756
56099
38227
37518
97162
2919
77845
22299
54846
25774
54612
56829
92745
61946
17955
64370
74232
26042
48805
48883
80682
57420
37762
66618
49094
38661
20238
49126
26968
699
71805
89607
57448
53913
97659
16587
57505
42276
99203
88337
79904
20601
76559
25935
71206
48873
48244
61205
88037
38777
93774
15317
53733
36777
96273
47756
76103
66809
32389
4785
91253
56569
3325
24972
98087
84539
61021
92665
47290
65354
12565
71709
23790
6697
27907
9301
48373
21201
8391
62928
37349
44513
93687
44579
51205
46667
38751
33204
84698
81120
57291
48601
21155
43543
56736
89691
90738
84943
85623
16917
68688
48036
77165
61993
15137
21576
96729
70109
48766
75728
4985
31392
16403
73642
70851
15388
35395
7208
88039
19766
66433
35680
77329
55359
60289
71440
15906
25168
1813
49946
21063
8663
41731
35317
72257
82089
22993
78285
71051
798
26270
9571
28222
23924
4472
53788
96758
442
18819
91311
78150
89298
45800
25326
97963
48156
53424
74304
13114
15436
58532
96716
16844
20449
84395
44858
39225
65863
32840
3336
89123
38251
72736
44810
15207
94400
25441
22724
80047
50085
59716
69997
41367
42141
6115
66252
19277
81255
1894
57156
63734
88891
89727
5308
64985
93492
68287
53092
31916
88167
18656
61252
68822
46049
52934
22849
49224
96473
67180
42438
78568
94298
22645
57485
54755
89534
67948
55388
80561
56791
99862
21155
43708
78862
64270
22403
51931
29588
47893
44699
58098
42308
380
66010
69593
7099
95344
18942
74218
82437
25358
14968
66885
99589
99667
82432
52259
13245
96762
5873
97437
42870
29628
74595
59794
2397
99835
25486
8655
89328
86088
20049
43299
74531
79578
66876
99840
87432
49575
90674
89487
72299
65842
83279
51187
26972
38455
14067
84148
84466
22879
52238
66927
99253
26027
64935
78801
83114
87484
70660
34001
73197
80010
38410
90585
99915
76680
30780
15344
24700
11665
90755
61365
34236
67760
23583
33890
92602
10207
31947
80206
16608
22953
83956
46449
71398
14569
17251
48468
30780
2152
69301
93390
2005
53658
28080
86752
82893
33951
21497
7802
22065
74673
61237
70268
71980
32880
95876
466
73884
41565
26331
26708
74577
11601
53211
874
57176
52381
97439
46709
89740
670
30545
37879
41993
78426
9118
79620
714
41704
2662
81050
17202
64465
36596
93308
54873
13266
41502
90140
77361
64367
94197
33159
82175
45582
4944
13029
45682
15930
73395
89293
24784
46678
9229
70973
21216
49047
25858
71140
91597
5623
18617
12643
72393
69815
90431
37271
48992
49120
6575
13439
72321
27683
50778
71996
83928
55198
56510
19232
96904
25990
54977
36313
38254
7486
4877
13467
97745
93465
91205
90621
14343
43819
39265
34180
30966
416
89005
26041
31653
60686
18186
18189
42047
60825
10703
82503
61042
25717
93108
58363
59953
37031
14769
74668
53971
76321
46816
98251
44113
75652
57550
562
84259
88405
8126
71120
42232
41788
6631
21776
80889
6044
18972
38513
38557
70061
92877
97278
5680
26121
93563
8971
63514
31133
68046
41389
54209
26503
31752
54883
20377
70013
54060
73391
96924
30041
85131
55863
89123
37977
47597
17521
74545
56094
88126
34523
6274
72712
20276
87306
38108
1755
40268
57563
57414
15859
26978
45749
30982
92818
44845
6531
82677
73392
56734
90772
81866
60527
19373
59036
70096
17365
48853
60376
169
85123
85055
53251
80300
53072
41121
94581
97570
25581
28990
62786
36422
1440
13562
45497
10208
94780
4696
88607
51156
66910
84545
76674
19364
49153
43078
25195
5499
89122
4172
77947
51692
45660
25982
4691
9784
14036
3192
10002
83700
39712
17377
98938
52800
28940
25449
81805
42045
46263
81971
910
99424
99956
68562
59394
15133
61140
35791
8344
19498
89042
39951
54331
7595
29711
98500
66289
63859
49579
30744
59965
1407
48072
50676
49076
88144
72606
76180
17741
18080
14882
80064
34939
5053
65386
57303
25762
53501
96129
40543
28719
35732
43553
76642
47406
76024
6435
62717
76192
35655
96280
24189
80321
57624
78482
36727
51057
888
63319
91241
68109
96281
82160
39319
35004
7963
61743
99821
24366
28758
66371
37892
38812
34020
91389
71460
16967
98745
41129
37487
93072
55620
17181
66382
81921
38380
31703
67456
34932
80707
69360
12861
36803
99262
48162
72303
21714
58693
50902
50999
86341
81906
41875
12327
59412
60233
70682
4947
65446
41104
48999
18018
43924
61596
51764
55016
94552
25567
81269
78096
27103
67474
25626
24176
11789
4307
73785
2821
8867
77296
17997
33360
9272
94969
42044
24707
23584
31354
17331
50734
93223
35657
49494
59948
70351
98422
66752
37123
35472
37098
32197
1246
24484
65870
37880
14997
79589
45369
96000
51503
26667
33773
39733
31207
21642
83119
40520
4175
93011
31341
89440
66995
60944
27807
70548
27514
41082
79949
10715
64620
54582
90781
32175
10725
85663
85651
79590
3354
80522
42466
534
82693
13210
26499
28998
69468
63599
89463
69212
57562
89300
66269
88756
88040
52275
82147
67965
40180
33271
67589
82291
77346
28026
84200
58166
17473
64073
41981
7115
97643
22222
6617
20464
22149
86251
26562
6294
32671
83606
48418
36374
90044
48235
61634
48289
23040
56466
1255
82498
73987
36683
14607
48918
52952
77429
85138
4220
21899
84201
5284
63640
30424
36761
67367
81657
90280
5007
45072
58070
47402
52884
85268
58565
77161
83904
10423
70927
94228
55540
38507
83856
37082
3915
93493
92815
39093
47947
70657
7206
81470
20262
29599
12396
54368
21023
28666
56973
40308
31650
27760
72777
44817
76511
43983
95265
93792
82769
27537
22964
46061
80604
65887
13097
35241
79594
67325
60998
62341
1857
71832
4032
92936
9189
84556
74792
64283
67481
69286
32099
80896
51140
66481
36200
55283
34397
53363
14721
84522
99249
36424
78579
12100
26629
60990
66892
52615
6957
58541
2992
90178
41440
44642
42761
51378
115
94510
19558
32423
94249
40162
47375
35194
26736
66779
29137
48592
90216
7172
52614
28125
81543
69204
76187
22738
20260
77523
8049
21342
544
54251
21785
41969
88297
11088
9315
49621
82959
22616
13087
66337
22265
9011
76472
45808
25274
27461
37460
39337
82963
20930
62076
12698
67007
84463
15139
52576
919
56810
68672
24482
8243
30348
58641
53507
79999
88741
2189
4050
68163
79225
64756
78546
35347
94119
28113
57201
54835
3180
3093
34135
69337
94298
80103
61686
26893
19893
40320
93172
17580
38697
83558
44549
83743
21809
89794
49531
8912
21219
12366
99561
66155
92298
17943
95721
43168
32243
25020
18862
42145
67444
61293
96459
71113
53749
51515
68085
47944
36948
70128
15966
57392
70312
91430
897
56198
96002
338
23280
30966
38433
13492
13644
58070
29625
62503
71284
78821
95719
562
10289
93684
39788
91081
83882
21203
72461
78652
63970
37653
14632
7639
98593
82526
31986
94753
65296
69803
9000
54155
53807
23552
64434
98952
19781
35742
78638
38512
62586
79499
65239
36481
79680
89340
60923
27986
55520
5691
76780
55792
5959
27243
45166
27715
28663
47477
46855
48265
84507
42956
26635
17061
92120
3583
82275
93022
36311
83702
21871
28887
47470
80878
34864
75130
74924
6116
28155
75318
99554
20827
21879
73832
35486
8758
58147
9065
78017
51446
92327
27171
43751
48988
48478
39094
66376
9876
36255
99711
69835
8149
42298
67724
79460
6567
68151
74435
30030
68412
9703
39001
53546
99359
20396
62411
73637
74680
70454
10833
7012
73998
7812
56219
93879
49372
69797
12655
43706
90745
35041
65286
22612
44338
64700
94390
17500
46132
44863
8200
89894
34848
16775
42999
2577
39679
77947
49890
82476
63755
91696
97954
97197
79455
47690
11010
56127
84744
85133
30616
87052
25792
74783
2243
31511
89256
35647
50242
15289
60440
8613
46650
4704
95619
20188
5390
799
77043
48725
52627
75167
37232
70062
5183
85837
93356
75015
41074
50507
45071
46669
14517
13676
61025
69563
42254
15415
61416
42568
97282
76594
57360
12157
99687
72587
850
72809
49759
36555
11706
4685
6721
91455
56276
31175
68324
49439
74265
57066
89472
85842
60365
36860
71477
40799
15929
33390
79525
35099
72491
69357
67635
79185
6358
6237
44772
67474
33415
92221
21599
69544
45238
1672
33768
16936
17345
3410
44185
46970
93636
90016
99633
92343
33368
49309
90037
61021
44112
13482
17433
41044
36854
53359
81284
92377
11115
12989
4810
24744
76089
86201
1019
20852
24362
57836
45374
59700
16876
72122
34151
33330
44633
21673
73326
47530
49267
68915
18807
58017
32266
19474
17453
12513
86129
63081
9474
25356
25043
90463
62442
12124
9631
64345
79903
45938
49983
28497
57497
44149
4399
54474
65255
35165
49539
65347
72331
48989
61770
18118
17662
90968
79057
25996
60892
25551
35485
87955
59435
71685
8579
29610
57588
41530
81420
13855
97538
88476
71328
66981
96878
78369
77601
47966
46996
34983
9195
21148
43747
91397
1556
24034
37636
33036
8409
98833
43873
22962
53350
10609
66517
79919
48377
3554
9908
35757
80630
48302
65741
73471
42026
71320
93923
18052
47928
26456
52824
33753
95431
3127
56661
66773
13795
59594
12142
67155
50173
82730
40674
8102
41549
51510
39925
23991
75125
72758
92972
62540
82677
61621
20934
40886
56463
11047
23277
66303
55292
80256
85441
64278
61838
60611
47041
48401
71686
29473
19934
66921
92889
84447
62139
76946
68825
22104
91451
89149
82220
47880
56148
57476
35275
55280
33206
38144
69679
12409
56261
39713
32515
96956
34124
462
77923
85891
27040
60372
35821
53992
81330
45480
6101
42177
919
85080
75655
64919
84725
8315
88763
43121
41084
92540
60076
15047
46853
49099
74351
36079
57265
44757
38674
43983
53391
23408
68703
25512
53458
59760
96888
35606
12354
67948
21863
2101
40558
43978
69871
59197
60688
94072
32362
84019
98828
49361
68254
30948
80826
52817
52407
74971
50078
16953
22051
52018
73698
41819
67897
5023
7493
59376
31445
40894
56523
48009
57746
95326
8910
42571
70967
32363
91019
38063
66978
75848
81708
72090
71122
44127
40567
87227
66746
70520
5861
37966
67111